4846
2984
7380
4050
6387
3831
1978
4712
6009
10007
2251
1245
8778
5768
9285
2668
752
6071
5609
3502
3846
1289
6316
2241
4
165
5656
7532
9225
9173
7648
4625
1269
9827
3116
9350
3959
822
4340
8117
5694
631
1031
8248
1096
5751
8037
1216
8601
10104
8659
5437
5303
1875
9670
8259
1127
9266
9135
5977
8266
1294
2762
6485
426
6873
281
9833
4620
587
627
8364
2254
10291
123
3920
7707
6888
1639
3098
5574
5365
8405
4497
2223
735
1542
7163
10357
3336
2028
6889
1502
7629
6180
4557
2427
6022
3329
9635
5346
62
9772
7249
